100 100
0 1 2 3 4 5 6 7 8 9 10 11 12 13 14 15 16 17 18 19 20 21 22 23 24 25 26 27 28 29 30 31 32 33 34 35 36 37 38 39 40 41 42 43 44 45 46 47 48 49 50 51 52 53 54 55 56 57 58 59 60 61 62 63 64 65 66 67 68 69 70 71 72 73 74 75 76 77 78 79 80 81 82 83 84 85 86 87 88 89 90 91 92 93 94 95 96 97 98 99 
C 1 1
P 1 1
C 2 2
P 2 2
C 3 3
P 3 3
C 4 4
P 4 4
C 5 5
P 5 5
C 6 6
P 6 6
C 7 7
P 7 7
C 8 8
P 8 8
C 9 9
P 9 9
C 10 10
P 10 10
C 11 11
P 11 11
C 12 12
P 12 12
C 13 13
P 13 13
C 14 14
P 14 14
C 15 15
P 15 15
C 16 16
P 16 16
C 17 17
P 17 17
C 18 18
P 18 18
C 19 19
P 19 19
C 20 20
P 20 20
C 21 21
P 21 21
C 22 22
P 22 22
C 23 23
P 23 23
C 24 24
P 24 24
C 25 25
P 25 25
C 26 26
P 26 26
C 27 27
P 27 27
C 28 28
P 28 28
C 29 29
P 29 29
C 30 30
P 30 30
C 31 31
P 31 31
C 32 32
P 32 32
C 33 33
P 33 33
C 34 34
P 34 34
C 35 35
P 35 35
C 36 36
P 36 36
C 37 37
P 37 37
C 38 38
P 38 38
C 39 39
P 39 39
C 40 40
P 40 40
C 41 41
P 41 41
C 42 42
P 42 42
C 43 43
P 43 43
C 44 44
P 44 44
C 45 45
P 45 45
C 46 46
P 46 46
C 47 47
P 47 47
C 48 48
P 48 48
C 49 49
P 49 49
C 50 50
P 50 50
C 51 51
P 51 51
C 52 52
P 52 52
C 53 53
P 53 53
C 54 54
P 54 54
C 55 55
P 55 55
C 56 56
P 56 56
C 57 57
P 57 57
C 58 58
P 58 58
C 59 59
P 59 59
C 60 60
P 60 60
C 61 61
P 61 61
C 62 62
P 62 62
C 63 63
P 63 63
C 64 64
P 64 64
C 65 65
P 65 65
C 66 66
P 66 66
C 67 67
P 67 67
C 68 68
P 68 68
C 69 69
P 69 69
C 70 70
P 70 70
C 71 71
P 71 71
C 72 72
P 72 72
C 73 73
P 73 73
C 74 74
P 74 74
C 75 75
P 75 75
C 76 76
P 76 76
C 77 77
P 77 77
C 78 78
P 78 78
C 79 79
P 79 79
C 80 80
P 80 80
C 81 81
P 81 81
C 82 82
P 82 82
C 83 83
P 83 83
C 84 84
P 84 84
C 85 85
P 85 85
C 86 86
P 86 86
C 87 87
P 87 87
C 88 88
P 88 88
C 89 89
P 89 89
C 90 90
P 90 90
C 91 91
P 91 91
C 92 92
P 92 92
C 93 93
P 93 93
C 94 94
P 94 94
C 95 95
P 95 95
C 96 96
P 96 96
C 97 97
P 97 97
C 98 98
P 98 98
C 99 99
P 99 99
C 100 100
P 100 100
